1000 1223 0.1833764849
1223 1000 0.1833764849
1000 1255 0.2292852171
1255 1000 0.2292852171
1000 1396 0.1693851423
1396 1000 0.1693851423
1000 1473 0.3359003546
1473 1000 0.3359003546
1000 1625 0.3705054830
1625 1000 0.3705054830
1000 1862 0.2305177053
1862 1000 0.2305177053
1000 2117 0.1101289584
2117 1000 0.1101289584
1000 2380 0.2470237669
2380 1000 0.2470237669
1000 2451 0.3407196418
2451 1000 0.3407196418
1000 2539 0.1785842435
2539 1000 0.1785842435
1000 2626 0.2211546732
2626 1000 0.2211546732
1000 2956 0.2934440582
2956 1000 0.2934440582
1000 2984 0.1853250503
2984 1000 0.1853250503
1000 3112 0.4086393275
3112 1000 0.4086393275
1000 3137 0.1178621690
3137 1000 0.1178621690
1000 3319 0.1006143071
3319 1000 0.1006143071
1000 3323 0.2098526695
3323 1000 0.2098526695
1000 3444 0.1825597665
3444 1000 0.1825597665
100 1002 0.1773591621
1002 100 0.1773591621
100 1006 0.1576781873
1006 100 0.1576781873
100 1024 0.2976659650
1024 100 0.2976659650
100 1052 0.1131921494
1052 100 0.1131921494
100 1095 0.1711841233
1095 100 0.1711841233
100 1102 0.2630608366
1102 100 0.2630608366
100 1107 0.2206045402
1107 100 0.2206045402
100 1118 0.2390313531
1118 100 0.2390313531
100 1143 0.2907490919
1143 100 0.2907490919
100 1158 0.2206045402
1158 100 0.2206045402
100 1164 0.1576781873
1164 100 0.1576781873
100 1222 0.1341905866
1222 100 0.1341905866
100 1255 0.1564456991
1255 100 0.1564456991
100 1259 0.2835013211
1259 100 0.2835013211
100 1286 0.2292852171
1286 100 0.2292852171
100 1297 0.1160831550
1297 100 0.1160831550
100 1373 0.1265531860
1373 100 0.1265531860
100 1391 0.2784950541
1391 100 0.2784950541
100 1400 0.1444976708
1400 100 0.1444976708
100 1471 0.1319195955
1471 100 0.1319195955
100 1486 0.2501415741
1486 100 0.2501415741
100 1491 0.2153029832
1491 100 0.2153029832
100 1538 0.1833455577
1538 100 0.1833455577
100 1565 0.3112843928
1565 100 0.3112843928
100 1633 0.1822207728
1633 100 0.1822207728
100 1638 0.1160831550
1638 100 0.1160831550
100 1805 0.2233940859
1805 100 0.2233940859
100 1811 0.1198513435
1811 100 0.1198513435
100 1826 0.1316022365
1826 100 0.1316022365
100 1827 0.3660180067
1827 100 0.3660180067
100 183 0.1375345047
183 100 0.1375345047
100 1896 0.2843861854
1896 100 0.2843861854
100 1978 0.1496925005
1978 100 0.1496925005
100 2012 0.2730105421
2012 100 0.2730105421
100 2038 0.1930776939
2038 100 0.1930776939
100 2061 0.1339712261
2061 100 0.1339712261
100 2063 0.2377988597
2063 100 0.2377988597
100 208 0.1383621706
208 100 0.1383621706
1002 1006 0.1136154344
1006 1002 0.1136154344
100 2103 0.1460071747
2103 100 0.1460071747
1002 1043 0.1179700443
1043 1002 0.1179700443
1002 1049 0.1862230908
1049 1002 0.1862230908
1002 1053 0.1238611756
1053 1002 0.1238611756
1002 1054 0.1576367950
1054 1002 0.1576367950
1002 1070 0.2218919498
1070 1002 0.2218919498
1002 1076 0.1744458575
1076 1002 0.1744458575
1002 1080 0.1922419235
1080 1002 0.1922419235
1002 1102 0.1576367950
1102 1002 0.1576367950
1002 1107 0.1802112831
1107 1002 0.1802112831
1002 1113 0.2736913267
1113 1002 0.2736913267
1002 1138 0.1789621438
1138 1002 0.1789621438
1002 1149 0.1447175325
1149 1002 0.1447175325
1002 1164 0.1529441837
1164 1002 0.1529441837
1002 1214 0.1512116147
1214 1002 0.1512116147
1002 1228 0.1922419235
1228 1002 0.1922419235
1002 1256 0.1042441170
1256 1002 0.1042441170
1002 1290 0.1922419235
1290 1002 0.1922419235
1002 1293 0.1576367950
1293 1002 0.1576367950
1002 1300 0.1730710126
1300 1002 0.1730710126
1002 1314 0.1487950362
1314 1002 0.1487950362
1002 1373 0.1127957805
1373 1002 0.1127957805
1002 1384 0.1661442787
1384 1002 0.1661442787
1002 1385 0.1451382112
1385 1002 0.1451382112
100 2140 0.1741842489
2140 100 0.1741842489
1002 1457 0.1336073115
1457 1002 0.1336073115
1002 1473 0.1576367950
1473 1002 0.1576367950
1002 1474 0.1151804987
1474 1002 0.1151804987
1002 1491 0.1746005704
1491 1002 0.1746005704
1002 1526 0.1853250503
1526 1002 0.1853250503
1002 1560 0.2302437014
1560 1002 0.2302437014
1002 1570 0.1576367950
1570 1002 0.1576367950
1002 1578 0.1408390124
1578 1002 0.1408390124
1002 1599 0.1571258180
1599 1002 0.1571258180
1002 1615 0.1371409552
1615 1002 0.1371409552
1002 1625 0.1922419235
1625 1002 0.1922419235
1002 1638 0.1073689292
1638 1002 0.1073689292
1002 1688 0.1789621438
1688 1002 0.1789621438
1002 1696 0.1624560822
1696 1002 0.1624560822
1002 1706 0.1302240821
1706 1002 0.1302240821
1002 1722 0.1576367950
1722 1002 0.1576367950
1002 1747 0.1073551140
1747 1002 0.1073551140
1002 1751 0.1238611756
1751 1002 0.1238611756
1002 1770 0.1336073115
1770 1002 0.1336073115
1002 1786 0.1730710126
1786 1002 0.1730710126
1002 1805 0.1179700443
1805 1002 0.1179700443
1002 1811 0.1400646322
1811 1002 0.1400646322
1002 1827 0.1853250503
1827 1002 0.1853250503
1002 1831 0.1552865848
1831 1002 0.1552865848
1002 1851 0.1926977856
1851 1002 0.1926977856
1002 1865 0.1336073115
1865 1002 0.1336073115
100 2197 0.2917830363
2197 100 0.2917830363
1002 1978 0.1024066349
1978 1002 0.1024066349
1002 1986 0.1190450287
1986 1002 0.1190450287
1002 1992 0.1530930501
1992 1002 0.1530930501
1002 2020 0.1576367950
2020 1002 0.1576367950
1002 2038 0.1510792326
2038 1002 0.1510792326
1002 2042 0.2587230572
2042 1002 0.2587230572
1002 2052 0.2055124778
2052 1002 0.2055124778
1002 2061 0.1079380431
2061 1002 0.1079380431
1002 2130 0.1269789828
2130 1002 0.1269789828
1002 2163 0.1263652533
2163 1002 0.1263652533
1002 2181 0.1719295679
2181 1002 0.1719295679
1002 2194 0.1279089574
2194 1002 0.1279089574
1002 2212 0.1408390124
2212 1002 0.1408390124
1002 2254 0.1922419235
2254 1002 0.1922419235
1002 2290 0.1025358267
2290 1002 0.1025358267
1002 2291 0.2414776322
2291 1002 0.2414776322
1002 2333 0.2356732956
2333 1002 0.2356732956
100 2234 0.2678801238
2234 100 0.2678801238
1002 2348 0.1853250503
2348 1002 0.1853250503
1002 2354 0.2251433816
2354 1002 0.2251433816
1002 2357 0.1371409552
2357 1002 0.1371409552
1002 2380 0.1310840327
2380 1002 0.1310840327
1002 2397 0.2617664781
2397 1002 0.2617664781
1002 2419 0.1624560822
2419 1002 0.1624560822
1002 2438 0.1789621438
2438 1002 0.1789621438
1002 2446 0.1853250503
2446 1002 0.1853250503
1002 2451 0.1624560822
2451 1002 0.1624560822
1002 2465 0.2587230572
2465 1002 0.2587230572
1002 2494 0.1179700443
2494 1002 0.1179700443
1002 2527 0.2157860233
2527 1002 0.2157860233
1002 2537 0.2034523447
2537 1002 0.2034523447
1002 2538 0.1162864369
2538 1002 0.1162864369
1002 2542 0.1530930501
2542 1002 0.1530930501
1002 2545 0.1048830609
2545 1002 0.1048830609
1002 2546 0.1624560822
2546 1002 0.1624560822
1002 2558 0.1395891996
2558 1002 0.1395891996
1002 2578 0.1164674519
2578 1002 0.1164674519
1002 2579 0.1593519387
2579 1002 0.1593519387
1002 2593 0.1298996460
2593 1002 0.1298996460
1002 2614 0.1420018455
2614 1002 0.1420018455
1002 2619 0.1643905408
2619 1002 0.1643905408
1002 2639 0.1620205387
2639 1002 0.1620205387
1002 2649 0.1922419235
2649 1002 0.1922419235
1002 2654 0.1624560822
2654 1002 0.1624560822
1002 2680 0.1922419235
2680 1002 0.1922419235
1002 2682 0.1544644785
2682 1002 0.1544644785
1002 2703 0.1269789828
2703 1002 0.1269789828
1002 2781 0.1002314946
2781 1002 0.1002314946
1002 2800 0.1269789828
2800 1002 0.1269789828
1002 2813 0.1238611756
2813 1002 0.1238611756
1002 2815 0.1395891996
2815 1002 0.1395891996
1002 2817 0.1853250503
2817 1002 0.1853250503
1002 2849 0.1302240821
2849 1002 0.1302240821
1002 2852 0.1072869248
2852 1002 0.1072869248
1002 2858 0.1893981662
2858 1002 0.1893981662
1002 2896 0.1487950362
2896 1002 0.1487950362
100 2290 0.2079598683
2290 100 0.2079598683
1002 2902 0.1487950362
2902 1002 0.1487950362
1002 2915 0.1853250503
2915 1002 0.1853250503
1002 2939 0.1624560822
2939 1002 0.1624560822
1002 2944 0.1853250503
2944 1002 0.1853250503
1002 2993 0.1190450287
2993 1002 0.1190450287
1002 3000 0.1447175325
3000 1002 0.1447175325
100 2306 0.2324030243
2306 100 0.2324030243
1002 3116 0.2157860233
3116 1002 0.2157860233
1002 3131 0.2544462535
3131 1002 0.2544462535
1002 3137 0.1262284292
3137 1002 0.1262284292
1002 3138 0.1232744754
3138 1002 0.1232744754
1002 3140 0.1922419235
3140 1002 0.1922419235
1002 3142 0.1922419235
3142 1002 0.1922419235
1002 3165 0.1530930501
3165 1002 0.1530930501
1002 3198 0.1408390124
3198 1002 0.1408390124
1002 3247 0.1432475808
3247 1002 0.1432475808
1002 3254 0.1151804987
3254 1002 0.1151804987
1002 3267 0.1064754882
3267 1002 0.1064754882
1002 3272 0.2544462535
3272 1002 0.2544462535
1002 3294 0.1302240821
3294 1002 0.1302240821
1002 3307 0.1098789416
3307 1002 0.1098789416
1002 3310 0.1269789828
3310 1002 0.1269789828
1002 3319 0.1050125283
3319 1002 0.1050125283
1002 3324 0.1789621438
3324 1002 0.1789621438
1002 3346 0.1151804987
3346 1002 0.1151804987
1002 3347 0.1922419235
3347 1002 0.1922419235
1002 3351 0.1149476769
3351 1002 0.1149476769
1002 3357 0.1360832960
3357 1002 0.1360832960
1002 3359 0.1073551140
3359 1002 0.1073551140
1002 3366 0.1789621438
3366 1002 0.1789621438
1002 3379 0.1502639522
3379 1002 0.1502639522
1002 3399 0.1208610500
3399 1002 0.1208610500
1002 3403 0.2414776322
3403 1002 0.2414776322
1002 3443 0.1408390124
3443 1002 0.1408390124
100 2348 0.2907490919
2348 100 0.2907490919
100 2354 0.2630608366
2354 100 0.2630608366
100 2419 0.2678801238
2419 100 0.2678801238
100 2427 0.1993573215
2427 100 0.1993573215
100 2502 0.2462630540
2502 100 0.2462630540
100 2537 0.3150240979
2537 100 0.3150240979
100 2538 0.3038936165
2538 100 0.3038936165
100 2539 0.1702252710
2539 100 0.1702252710
100 2544 0.1420157944
2544 100 0.1420157944
100 2579 0.1370131515
2579 100 0.1370131515
100 2592 0.2103329966
2592 100 0.2103329966
100 2604 0.2784950541
2604 100 0.2784950541
100 2623 0.2630608366
2623 100 0.2630608366
100 2627 0.1970532170
2627 100 0.1970532170
100 2639 0.2034161234
2639 100 0.2034161234
100 2743 0.2907490919
2743 100 0.2907490919
100 284 0.1310826877
284 100 0.1310826877
100 2886 0.2843861854
2886 100 0.2843861854
100 2984 0.1124855323
2984 100 0.1124855323
100 3085 0.2730105421
3085 100 0.2730105421
1003 1059 0.3630640729
1059 1003 0.3630640729
1003 1092 0.2559105010
1092 1003 0.2559105010
1003 1107 0.2612120580
1107 1003 0.2612120580
1003 1177 0.2376607348
1177 1003 0.2376607348
100 3119 0.1440171412
3119 100 0.1440171412
1003 1221 0.1244586726
1221 1003 0.1244586726
1003 1222 0.2433054379
1222 1003 0.2433054379
1003 1223 0.1492649036
1223 1003 0.1492649036
1003 1286 0.2698927349
1286 1003 0.2698927349
1003 1297 0.1566906728
1297 1003 0.1566906728
1003 1400 0.1220422588
1400 1003 0.1220422588
1003 1471 0.1480499959
1471 1003 0.1480499959
100 3150 0.2730105421
3150 100 0.2730105421
1003 1567 0.1604588614
1567 1003 0.1604588614
1003 1568 0.1910756063
1568 1003 0.1910756063
100 3157 0.2907490919
3157 100 0.2907490919
1003 1615 0.2831725146
1615 1003 0.2831725146
1003 1638 0.1566906728
1638 1003 0.1566906728
100 3171 0.1856775737
3171 100 0.1856775737
1003 1711 0.2730105421
1711 1003 0.2730105421
1003 1811 0.2281300143
1811 1003 0.2281300143
1003 1813 0.1694369344
1813 1003 0.1694369344
1003 1824 0.1101289584
1824 1003 0.1101289584
1003 1978 0.1269508483
1978 1003 0.1269508483
1003 1987 0.1034514733
1987 1003 0.1034514733
100 3205 0.1168406359
3205 100 0.1168406359
1003 2079 0.2750062665
2079 1003 0.2750062665
1003 2131 0.2397256273
2131 1003 0.2397256273
100 3214 0.2730105421
3214 100 0.2730105421
1003 2163 0.2103329966
2163 1003 0.2103329966
100 3225 0.1839303848
3225 100 0.1839303848
100 3232 0.1323630603
3232 100 0.1323630603
1003 2432 0.1636075460
2432 1003 0.1636075460
100 3247 0.1856775737
3247 100 0.1856775737
1003 2481 0.2868705718
2481 1003 0.2868705718
1003 2497 0.1625074097
2497 1003 0.1625074097
1003 2578 0.1501239190
2578 1003 0.1501239190
100 3262 0.2056555361
3262 100 0.2056555361
1003 2627 0.3098338480
2627 1003 0.3098338480
1003 2630 0.2991246095
2630 1003 0.2991246095
100 327 0.2784950541
327 100 0.2784950541
100 3274 0.1340863744
3274 100 0.1340863744
1003 2858 0.2698927349
2858 1003 0.2698927349
1003 2958 0.1160831550
2958 1003 0.1160831550
1003 2984 0.1530930501
2984 1003 0.1530930501
1003 3114 0.1360611174
3114 1003 0.1360611174
1003 3137 0.1220246218
3137 1003 0.1220246218
100 3320 0.1389755580
3320 100 0.1389755580
100 3323 0.1370131515
3323 100 0.1370131515
1003 3274 0.1122046349
3274 1003 0.1122046349
1003 3302 0.1225197011
3302 1003 0.1225197011
1003 3319 0.1306840954
3319 1003 0.1306840954
1003 3320 0.1430988106
3320 1003 0.1430988106
1003 3346 0.2612120580
3346 1003 0.2612120580
100 3335 0.1839303848
3335 100 0.1839303848
1003 3351 0.1636075460
3351 1003 0.1636075460
1003 3359 0.2533866734
3359 1003 0.2533866734
1003 3396 0.4059590959
3396 1003 0.4059590959
1003 3405 0.2228282907
3405 1003 0.2228282907
1003 3442 0.1274587982
3442 1003 0.1274587982
100 3357 0.1789080479
3357 100 0.1789080479
100 3360 0.2976659650
3360 100 0.2976659650
100 3384 0.1668861093
3384 100 0.1668861093
100 3397 0.2784950541
3397 100 0.2784950541
100 385 0.1494269760
385 100 0.1494269760
100 424 0.2127791556
424 100 0.2127791556
100 443 0.2324030243
443 100 0.2324030243
100 488 0.2056555361
488 100 0.2056555361
100 489 0.2153029832
489 100 0.2153029832
100 511 0.1391352245
511 100 0.1391352245
100 512 0.2047761374
512 100 0.2047761374
100 548 0.1741842489
548 100 0.1741842489
100 587 0.2127791556
587 100 0.2127791556
1006 1024 0.2374345784
1024 1006 0.2374345784
1006 1031 0.2374345784
1031 1006 0.2374345784
1006 1043 0.1631626993
1043 1006 0.1631626993
1006 1052 0.1537184169
1052 1006 0.1537184169
1006 1092 0.1550715966
1092 1006 0.1550715966
1006 1095 0.1109527367
1095 1006 0.1109527367
1006 1107 0.1603731536
1107 1006 0.1603731536
1006 1118 0.1787999665
1118 1006 0.1787999665
1006 1138 0.2241547988
1138 1006 0.2241547988
1006 1146 0.1388867229
1146 1006 0.1388867229
1006 1147 0.1949003336
1147 1006 0.1949003336
1006 1158 0.1603731536
1158 1006 0.1603731536
1006 1215 0.1039132823
1215 1006 0.1039132823
1006 1221 0.1503955900
1221 1006 0.1503955900
1006 1222 0.1767261913
1222 1006 0.1767261913
1006 1230 0.1899101875
1230 1006 0.1899101875
1006 1255 0.1601391003
1255 1006 0.1601391003
1006 1259 0.2197575934
1259 1006 0.2197575934
1006 1307 0.2182636675
1307 1006 0.2182636675
1006 1373 0.1700504162
1373 1006 0.1700504162
1006 1424 0.1154964815
1424 1006 0.1154964815
1006 1434 0.1721716377
1434 1006 0.1721716377
1006 1462 0.1525477690
1462 1006 0.1525477690
1006 1471 0.1473517449
1471 1006 0.1473517449
1006 1473 0.2028294500
1473 1006 0.2028294500
1006 1486 0.2592987690
1486 1006 0.2592987690
1006 1500 0.2076487372
1500 1006 0.2076487372
1006 1538 0.1156544836
1538 1006 0.1156544836
1006 1567 0.1214107766
1567 1006 0.1214107766
1006 1569 0.2575544443
1569 1006 0.2575544443
1006 1573 0.2028294500
1573 1006 0.2028294500
1006 1574 0.2127791556
1574 1006 0.2127791556
1006 1608 0.1660537049
1608 1006 0.1660537049
1006 1633 0.1219893863
1633 1006 0.1219893863
1006 1661 0.2127791556
1661 1006 0.2127791556
1006 1717 0.1170706695
1717 1006 0.1170706695
1006 1765 0.1410066857
1765 1006 0.1410066857
1006 1794 0.1550715966
1794 1006 0.1550715966
1006 1805 0.1631626993
1805 1006 0.1631626993
1006 1809 0.1787999665
1809 1006 0.1787999665
100 618 0.2907490919
618 100 0.2907490919
1006 1813 0.1309123981
1813 1006 0.1309123981
1006 1818 0.1721716377
1818 1006 0.1721716377
1006 1861 0.1527110864
1861 1006 0.1527110864
1006 1992 0.1982857051
1992 1006 0.1982857051
1006 2027 0.2241547988
2027 1006 0.2241547988
1006 2038 0.1328463073
2038 1006 0.1328463073
1006 2041 0.2076487372
2041 1006 0.2076487372
1006 2061 0.2571166827
2061 1006 0.2571166827
1006 2062 0.2846781110
2062 1006 0.2846781110
1006 2079 0.1039132823
2079 1006 0.1039132823
1006 2082 0.2241547988
2082 1006 0.2241547988
1006 2103 0.1188450887
2103 1006 0.1188450887
1006 2130 0.1721716377
2130 1006 0.1721716377
1006 2131 0.1388867229
2131 1006 0.1388867229
1006 2140 0.1139528623
2140 1006 0.1139528623
1006 2194 0.1109527367
2194 1006 0.1109527367
1006 2195 0.2241547988
2195 1006 0.2241547988
1006 2366 0.2241547988
2366 1006 0.2241547988
1006 2380 0.1139528623
2380 1006 0.1139528623
1006 2427 0.1356135938
2427 1006 0.1356135938
1006 2432 0.1247430740
2432 1006 0.1247430740
1006 2465 0.1939876912
2465 1006 0.1939876912
1006 2481 0.2995228559
2481 1006 0.2995228559
1006 2537 0.1823336102
2537 1006 0.1823336102
1006 2550 0.1139528623
2550 1006 0.1139528623
1006 2614 0.2149973640
2614 1006 0.2149973640
1006 2616 0.2374345784
2616 1006 0.2374345784
1006 2619 0.1454241495
2619 1006 0.1454241495
1006 2626 0.1515344307
2626 1006 0.1515344307
1006 2629 0.1052721854
2629 1006 0.1052721854
1006 2639 0.1431847369
2639 1006 0.1431847369
1006 2669 0.2127791556
2669 1006 0.2127791556
1006 2759 0.1080617310
2759 1006 0.1080617310
1006 2763 0.2028294500
2763 1006 0.2028294500
1006 2800 0.1721716377
2800 1006 0.1721716377
1006 2813 0.1690538305
2813 1006 0.1690538305
1006 2828 0.2182636675
2828 1006 0.2182636675
1006 2852 0.1551149503
2852 1006 0.1551149503
1006 2886 0.2241547988
2886 1006 0.2241547988
1006 2928 0.2197575934
2928 1006 0.2197575934
1006 2938 0.2127791556
2938 1006 0.2127791556
1006 2939 0.2076487372
2939 1006 0.2076487372
1006 2976 0.2076487372
2976 1006 0.2076487372
1006 3085 0.2127791556
3085 1006 0.2127791556
1006 3112 0.1525477690
3112 1006 0.1525477690
1006 3115 0.1039132823
3115 1006 0.1039132823
1006 3131 0.2305177053
3131 1006 0.2305177053
1006 3166 0.1328463073
3166 1006 0.1328463073
1006 3183 0.1697251751
3183 1006 0.1697251751
1006 3205 0.1410577296
3205 1006 0.1410577296
1006 3217 0.1066588359
3217 1006 0.1066588359
1006 3226 0.1328463073
3226 1006 0.1328463073
1006 3232 0.1346521032
3232 1006 0.1346521032
1006 3266 0.2374345784
3266 1006 0.2374345784
1006 3274 0.1081431623
3274 1006 0.1081431623
1006 3314 0.1210337813
3314 1006 0.1210337813
1006 3335 0.2312255832
3335 1006 0.2312255832
1006 3343 0.1481000963
3343 1006 0.1481000963
1006 3345 0.2374345784
3345 1006 0.2374345784
1006 3384 0.1711883339
3384 1006 0.1711883339
1006 3404 0.1631626993
3404 1006 0.1631626993
1006 3405 0.1219893863
3405 1006 0.1219893863
100 638 0.1758215775
638 100 0.1758215775
100 646 0.1505545679
646 100 0.1505545679
100 663 0.2843861854
663 100 0.2843861854
100 667 0.1614946271
667 100 0.1614946271
100 668 0.2907490919
668 100 0.2907490919
100 673 0.2501415741
673 100 0.2501415741
100 685 0.1399396376
685 100 0.1399396376
100 687 0.1230000282
687 100 0.1230000282
100 723 0.2784950541
723 100 0.2784950541
100 819 0.1156311239
819 100 0.1156311239
100 825 0.2459554053
825 100 0.2459554053
100 857 0.2501415741
857 100 0.2501415741
100 870 0.2324030243
870 100 0.2324030243
1009 1059 0.2762556414
1059 1009 0.2762556414
1009 1107 0.2934440582
1107 1009 0.2934440582
1009 1158 0.2934440582
1158 1009 0.2934440582
100 912 0.2127791556
912 100 0.2127791556
1009 1216 0.3084876416
1216 1009 0.3084876416
1009 1221 0.2241420871
1221 1009 0.2241420871
1009 1223 0.1833764849
1223 1009 0.1833764849
1009 1254 0.2222664940
1254 1009 0.2222664940
1009 1256 0.2292955004
1256 1009 0.2292955004
1009 1373 0.1161934499
1373 1009 0.1161934499
1009 1396 0.1294955659
1396 1009 0.1294955659
1009 1404 0.1147843266
1404 1009 0.1147843266
1009 1474 0.2934440582
1474 1009 0.2934440582
1009 1500 0.3407196418
1500 1009 0.3407196418
1009 1751 0.3021247351
1751 1009 0.3021247351
1009 1757 0.2740775903
1757 1009 0.2740775903
1009 1813 0.2016689346
1813 1009 0.2016689346
1009 1824 0.2516733037
1824 1009 0.2516733037
1009 1861 0.2222664940
1861 1009 0.2222664940
1009 1881 0.2517475659
1881 1009 0.2517475659
1009 1978 0.1591828485
1978 1009 0.1591828485
1009 2031 0.2034161234
2031 1009 0.2034161234
1009 2047 0.3154045148
2047 1009 0.3154045148
1009 2063 0.2726626746
2063 1009 0.2726626746
100 921 0.2425649968
921 100 0.2425649968
1009 2117 0.1748651666
2117 1009 0.1748651666
1009 2544 0.1519291363
2544 1009 0.1519291363
1009 2587 0.1077076374
2587 1009 0.1077076374
1009 2686 0.2807993863
2686 1009 0.2807993863
1009 2709 0.3154045148
2709 1009 0.3154045148
1009 2779 0.1056155721
2779 1009 0.1056155721
1009 2815 0.2550602908
2815 1009 0.2550602908
1009 2816 0.3359003546
2816 1009 0.3359003546
1009 2830 0.2440236413
2830 1009 0.2440236413
1009 2849 0.3084876416
2849 1009 0.3084876416
1009 2958 0.1483151552
2958 1009 0.1483151552
1009 2993 0.2356481236
2993 1009 0.2356481236
1009 3115 0.2369841869
3115 1009 0.2369841869
1009 3165 0.3313566097
3165 1009 0.3313566097
1009 3205 0.1281411535
3205 1009 0.1281411535
1009 3265 0.3021247351
3265 1009 0.3021247351
1009 3269 0.2394807105
3269 1009 0.2394807105
1009 3319 0.1006143071
3319 1009 0.1006143071
1009 3320 0.1772103920
3320 1009 0.1772103920
1009 3335 0.2567699028
3335 1009 0.2567699028
1009 3441 0.3359003546
3441 1009 0.3359003546
100 952 0.2976659650
952 100 0.2976659650
100 953 0.1314648146
953 100 0.1314648146
100 961 0.2501415741
961 100 0.2501415741
1014 1059 0.2089006354
1059 1014 0.2089006354
1014 1076 0.1827865681
1076 1014 0.1827865681
1014 1084 0.1444366351
1084 1014 0.1444366351
1014 1145 0.1093136292
1145 1014 0.1093136292
1014 1164 0.1631626993
1164 1014 0.1631626993
1014 1215 0.1696291809
1215 1014 0.1696291809
1014 1384 0.1752099908
1384 1014 0.1752099908
1014 1387 0.1026600683
1387 1014 0.1026600683
1014 1434 0.2378875363
1434 1014 0.2378875363
1014 1471 0.1095660751
1471 1014 0.1095660751
1014 1475 0.2134443803
1475 1014 0.2134443803
1014 1486 0.2556260861
1486 1014 0.2556260861
1014 1538 0.1201441234
1538 1014 0.1201441234
1014 1569 0.2842053379
1569 1014 0.2842053379
1014 1599 0.1669791391
1599 1014 0.1669791391
1014 1717 0.1827865681
1717 1014 0.1827865681
1014 1740 0.1812123801
1740 1014 0.1812123801
1014 1856 0.2322983007
1856 1014 0.2322983007
1014 1904 0.3791425679
1904 1014 0.3791425679
1014 1987 0.1306271164
1987 1014 0.1306271164
1014 2031 0.1360611174
2031 1014 0.1360611174
1014 2050 0.2233940859
2050 1014 0.2233940859
1014 2063 0.2013799198
2063 1014 0.2013799198
1014 2079 0.1696291809
2079 1014 0.1696291809
1014 2103 0.1233006577
2103 1014 0.1233006577
1014 2108 0.1571828966
2108 1014 0.1571828966
1014 2130 0.2378875363
2130 1014 0.2378875363
1014 2133 0.1682931176
2133 1014 0.1682931176
1014 2152 0.2640016037
2152 1014 0.2640016037
1014 2291 0.3588537219
2291 1014 0.3588537219
1014 2357 0.2480495088
2357 1014 0.2480495088
1014 2539 0.1112292374
2539 1014 0.1112292374
1014 2551 0.2556260861
2551 1014 0.2556260861
1014 2568 0.2347697291
2568 1014 0.2347697291
1014 2571 0.2962336039
2571 1014 0.2962336039
1014 2587 0.1692008266
2587 1014 0.1692008266
1014 2590 0.2839795661
2590 1014 0.2839795661
1014 2626 0.2210824950
2626 1014 0.2210824950
1014 2629 0.2392732394
2629 1014 0.2392732394
1014 2639 0.2793966284
2639 1014 0.2793966284
1014 2650 0.2288785979
2650 1014 0.2288785979
1014 2654 0.2733646358
2654 1014 0.2733646358
1014 2682 0.1009381116
2682 1014 0.1009381116
1014 2930 0.2640016037
2930 1014 0.2640016037
1014 2939 0.2733646358
2939 1014 0.2733646358
1014 2971 0.1042026683
2971 1014 0.1042026683
1014 2999 0.3791425679
2999 1014 0.3791425679
1014 3114 0.1009381116
3114 1014 0.1009381116
1014 3135 0.2023095371
3135 1014 0.2023095371
1014 3171 0.1911620857
3171 1014 0.1911620857
1014 3204 0.2182636675
3204 1014 0.2182636675
1014 3226 0.1985622059
3226 1014 0.1985622059
1014 3241 0.2111400481
3241 1014 0.2111400481
1014 3269 0.1038291173
3269 1014 0.1038291173
1014 3273 0.3067742559
3273 1014 0.3067742559
1014 3282 0.2962336039
3282 1014 0.2962336039
1014 3301 0.1351878600
3301 1014 0.1351878600
1014 3314 0.1930380242
3314 1014 0.1930380242
1014 3319 0.1321317254
3319 1014 0.1321317254
1014 3320 0.2362180141
3320 1014 0.2362180141
1014 3323 0.1424976635
3323 1014 0.1424976635
1014 3351 0.2364690529
3351 1014 0.2364690529
1014 3357 0.2534593858
3357 1014 0.2534593858
1014 3379 0.1607165403
3379 1014 0.1607165403
1014 3445 0.3530493854
3445 1014 0.3530493854
1024 1092 0.2950593743
1092 1024 0.2950593743
1024 1221 0.1636075460
1221 1024 0.1636075460
1024 1223 0.1250881679
1223 1024 0.1250881679
1024 1228 0.3774223562
1228 1024 0.3774223562
1024 1240 0.3154045148
1240 1024 0.3154045148
1024 1295 0.1367899882
1295 1024 0.1367899882
1024 1307 0.3582514453
1307 1024 0.3582514453
1024 1373 0.1239669813
1373 1024 0.1239669813
1024 1386 0.3223213879
1386 1024 0.3223213879
1024 1387 0.1769319475
1387 1024 0.1769319475
1024 1400 0.1611911321
1400 1024 0.1611911321
1024 1717 0.2570584472
1717 1024 0.2570584472
1024 1824 0.1492778317
1824 1024 0.1492778317
1024 1826 0.1125324452
1826 1024 0.1125324452
1024 1856 0.1310490817
1856 1024 0.1310490817
1024 1861 0.2291833672
1861 1024 0.2291833672
1024 1919 0.1749857133
1919 1024 0.1749857133
1024 1978 0.1660997217
1978 1024 0.1660997217
1024 2061 0.1537789094
2061 1024 0.1537789094
1024 2063 0.2799828992
2063 1024 0.2799828992
1024 2093 0.3476365150
2093 1024 0.3476365150
1024 2108 0.2314547758
2108 1024 0.2314547758
1024 2124 0.3260194451
2124 1024 0.3260194451
1024 2140 0.2539406400
2140 1024 0.2539406400
1024 2453 0.3705054830
2453 1024 0.3705054830
1024 2497 0.1001310601
2497 1024 0.1001310601
1024 2544 0.1588460095
2544 1024 0.1588460095
1024 2547 0.3090416083
2547 1024 0.3090416083
1024 2558 0.2619771640
2558 1024 0.2619771640
1024 2578 0.1930189420
2578 1024 0.1930189420
1024 2579 0.2167695426
2579 1024 0.2167695426
1024 2587 0.1146245105
2587 1024 0.1146245105
1024 2779 0.1774088107
2779 1024 0.1774088107
1024 2852 0.2314547758
2852 1024 0.2314547758
1024 2883 0.1517752275
2883 1024 0.1517752275
1024 2947 0.2636867760
2947 1024 0.2636867760
1024 2984 0.1922419235
2984 1024 0.1922419235
1024 3110 0.3223213879
3110 1024 0.3223213879
1024 3114 0.1752099908
3114 1024 0.1752099908
1024 3217 0.1525261457
3217 1024 0.1525261457
1024 3267 0.1087523086
3267 1024 0.1087523086
1024 3269 0.1781009964
3269 1024 0.1781009964
1024 3274 0.1513535082
3274 1024 0.1513535082
1024 3319 0.1075311803
3319 1024 0.1075311803
1024 3320 0.1192618327
3320 1024 0.1192618327
1024 3351 0.2027564193
3351 1024 0.2027564193
1025 1084 0.2187085142
1084 1025 0.2187085142
1025 1215 0.2439010601
1215 1025 0.2439010601
1025 1280 0.3298979652
1280 1025 0.3298979652
1025 1387 0.1769319475
1387 1025 0.1769319475
1025 1396 0.1368157905
1396 1025 0.1368157905
1025 1400 0.1611911321
1400 1025 0.1611911321
1025 1726 0.2709184768
1726 1025 0.2709184768
1025 1809 0.3956917088
1809 1025 0.3956917088
1025 1811 0.2695618202
1811 1025 0.2695618202
1025 1813 0.2085858077
1813 1025 0.2085858077
1025 1824 0.2592520514
1824 1025 0.2592520514
1025 1826 0.1125324452
1826 1025 0.1125324452
1025 1895 0.1360926689
1895 1025 0.1360926689
1025 1919 0.1749857133
1919 1025 0.1749857133
1025 1922 0.1512978000
1922 1025 0.1512978000
1025 2063 0.2094546021
2063 1025 0.2094546021
1025 2117 0.1170458315
2117 1025 0.1170458315
1025 2163 0.2494818699
2163 1025 0.2494818699
1025 2181 0.2925355467
2181 1025 0.2925355467
1025 2353 0.3090416083
2353 1025 0.3090416083
1025 2401 0.3705054830
2401 1025 0.3705054830
1025 2432 0.2027564193
2432 1025 0.2027564193
1025 2497 0.1001310601
2497 1025 0.1001310601
1025 2544 0.1588460095
2544 1025 0.1588460095
1025 2546 0.3476365150
2546 1025 0.3476365150
1025 2578 0.2236810812
2578 1025 0.2236810812
1025 2593 0.1082616040
2593 1025 0.1082616040
1025 2630 0.3382734828
2630 1025 0.3382734828
1025 2779 0.1774088107
2779 1025 0.1774088107
1025 2883 0.1517752275
2883 1025 0.1517752275
1025 2971 0.1040912386
2971 1025 0.1040912386
1025 2984 0.1922419235
2984 1025 0.1922419235
1025 3019 0.3121594155
3019 1025 0.3121594155
1025 3135 0.2103329966
3135 1025 0.2103329966
1025 3269 0.1781009964
3269 1025 0.1781009964
1025 3319 0.1075311803
3319 1025 0.1075311803
1025 3351 0.2027564193
3351 1025 0.2027564193
1025 3404 0.3031504770
3404 1025 0.3031504770
1025 3432 0.1225802425
3432 1025 0.1225802425
1025 3442 0.2346373871
3442 1025 0.2346373871
1025 3444 0.1894766397
3444 1025 0.1894766397
1025 3456 0.2831725146
3456 1025 0.2831725146
1025 3462 0.2809944634
3462 1025 0.2809944634
1031 1052 0.1929485405
1052 1031 0.1929485405
1031 1138 0.3641425765
1138 1031 0.3641425765
1031 1157 0.2425649968
1157 1031 0.2425649968
1031 1223 0.1906967095
1223 1031 0.1906967095
1031 1230 0.3298979652
1230 1031 0.3298979652
1031 1256 0.2125624383
1256 1031 0.2125624383
1031 1295 0.2030809113
1295 1031 0.2030809113
1031 1370 0.2950593743
1370 1031 0.2950593743
1031 1371 0.2854119273
1371 1031 0.2854119273
1031 1538 0.1326949768
1538 1031 0.1326949768
1031 1599 0.2412510182
1599 1031 0.2412510182
1031 2061 0.1537789094
2061 1031 0.1537789094
1031 2062 0.3337970557
2062 1031 0.3337970557
1031 2079 0.2439010601
2079 1031 0.2439010601
1031 2401 0.3705054830
2401 1031 0.3705054830
1031 2497 0.1001310601
2497 1031 0.1001310601
1031 2587 0.1146245105
2587 1031 0.1146245105
1031 2593 0.1082616040
2593 1031 0.1082616040
1031 2626 0.2280715463
2626 1031 0.2280715463
1031 2779 0.1774088107
2779 1031 0.1774088107
1031 2852 0.2314547758
2852 1031 0.2314547758
1031 2883 0.1517752275
2883 1031 0.1517752275
1031 2958 0.1552320283
2958 1031 0.1552320283
1031 2971 0.1040912386
2971 1031 0.1040912386
1031 3138 0.1484625026
3138 1031 0.1484625026
1031 3171 0.2654339649
3171 1031 0.2654339649
1031 3205 0.1350580266
3205 1031 0.1350580266
1031 3226 0.2728340850
3226 1031 0.2728340850
1031 3232 0.2121194514
3232 1031 0.2121194514
1031 3274 0.1513535082
3274 1031 0.1513535082
1031 3320 0.1192618327
3320 1031 0.1192618327
1031 3379 0.2349884195
3379 1031 0.2349884195
1031 3444 0.1894766397
3444 1031 0.1894766397
1032 1161 0.3166181856
1161 1032 0.3166181856
1032 1221 0.2174081332
1221 1032 0.2174081332
1032 1222 0.3155588583
1222 1032 0.3155588583
1032 1223 0.1118083883
1223 1032 0.1118083883
1032 1255 0.2229223106
1255 1032 0.2229223106
1032 1286 0.2957618286
1286 1032 0.2957618286
1032 1297 0.1825597665
1297 1032 0.1825597665
1032 1373 0.1674078138
1373 1032 0.1674078138
1032 1400 0.1479113525
1400 1032 0.1479113525
1032 1474 0.2870811517
1474 1032 0.2870811517
1032 1497 0.1479250088
1497 1032 0.1479250088
1032 1538 0.1846929244
1538 1032 0.1846929244
1032 1567 0.1863279550
1567 1032 0.1863279550
1032 1744 0.3508627969
1744 1032 0.3508627969
1032 1811 0.2555076418
1811 1032 0.2555076418
1032 1824 0.1359980521
1824 1032 0.1359980521
1032 1856 0.1177693021
1856 1032 0.1177693021
1032 1861 0.2159035875
1861 1032 0.2159035875
1032 1895 0.1882887499
1895 1032 0.1882887499
1032 2034 0.3641425765
2034 1032 0.3641425765
1032 2063 0.2659287207
2063 1032 0.2659287207
1032 2080 0.3508627969
2080 1032 0.3508627969
1032 2081 0.1560344076
2081 1032 0.1560344076
1032 2108 0.2892118155
2108 1032 0.2892118155
1032 2117 0.1037660519
2117 1032 0.1037660519
1032 2130 0.2988796358
2130 1032 0.2988796358
1032 2195 0.3508627969
2195 1032 0.3508627969
1032 2344 0.2422044796
2344 1032 0.2422044796
1032 2494 0.3650883894
2494 1032 0.3650883894
1032 2544 0.1455662298
2544 1032 0.1455662298
1032 2545 0.2159035875
2545 1032 0.2159035875
1032 2550 0.2406608604
2550 1032 0.2406608604
1032 2558 0.2486973843
2558 1032 0.2486973843
1032 2587 0.2067322395
2587 1032 0.2067322395
1032 2590 0.3449716656
2590 1032 0.3449716656
1032 2614 0.1702622962
2614 1032 0.1702622962
1032 2627 0.2635298285
2627 1032 0.2635298285
1032 2644 0.2595543054
2644 1032 0.2595543054
1032 2686 0.2744364798
2686 1032 0.2744364798
1032 2958 0.1419522487
2958 1032 0.1419522487
1032 3204 0.2792557671
3204 1032 0.2792557671
1032 3205 0.1217782470
3205 1032 0.1217782470
1032 3217 0.2089721293
3217 1032 0.2089721293
1032 3232 0.1988396718
3232 1032 0.1988396718
1032 3265 0.2957618286
3265 1032 0.2957618286
1032 3273 0.2957618286
3273 1032 0.2957618286
1032 3314 0.1498385716
3314 1032 0.1498385716
1032 3319 0.1580617229
3319 1032 0.1580617229
1032 3320 0.1059820530
3320 1032 0.1059820530
1032 3343 0.2115466674
3343 1032 0.2115466674
1032 3379 0.2217086398
3379 1032 0.2217086398
1032 3444 0.1761968600
3444 1032 0.1761968600
1033 1084 0.2187085142
1084 1033 0.2187085142
1033 1145 0.1835855084
1145 1033 0.1835855084
1033 1177 0.2768096081
1177 1033 0.2768096081
1033 1221 0.2314623117
1221 1033 0.2314623117
1033 1222 0.2139469777
1222 1033 0.2139469777
1033 1223 0.1250881679
1223 1033 0.1250881679
1033 1227 0.3774223562
1227 1033 0.3774223562
1033 1256 0.1418529105
1256 1033 0.1418529105
1033 1297 0.1958395461
1297 1033 0.1958395461
1033 1396 0.1368157905
1396 1033 0.1368157905
1033 1400 0.1611911321
1400 1033 0.1611911321
1033 1441 0.3774223562
1441 1033 0.3774223562
1033 1567 0.1996077347
1567 1033 0.1996077347
1033 1568 0.2325074122
1568 1033 0.2325074122
1033 1608 0.3060414827
1608 1033 0.3060414827
1033 1625 0.3774223562
1625 1033 0.3774223562
1033 1824 0.1492778317
1824 1033 0.1492778317
1033 1863 0.3476365150
1863 1033 0.3476365150
1033 1968 0.2524264248
1968 1033 0.2524264248
1033 2081 0.1056155721
2081 1033 0.1056155721
1033 2131 0.2788745007
2131 1033 0.2788745007
1033 2468 0.3705054830
2468 1033 0.3705054830
1033 2682 0.1752099908
2682 1033 0.1752099908
1033 2734 0.3223213879
2734 1033 0.3223213879
1033 2779 0.1125324452
2779 1033 0.1125324452
1033 3216 0.2187085142
3216 1033 0.2187085142
1033 3282 0.3705054830
3282 1033 0.3705054830
1033 3408 0.3031504770
3408 1033 0.3031504770
1033 3432 0.1225802425
3432 1033 0.1225802425
1036 1053 0.1051437968
1053 1036 0.1051437968
1036 1059 0.1422116722
1059 1036 0.1422116722
1036 1128 0.1543536338
1128 1036 0.1543536338
1036 1149 0.1260001538
1149 1036 0.1260001538
1036 1151 0.1666076716
1151 1036 0.1666076716
1036 1218 0.1735245447
1218 1036 0.1735245447
1036 1278 0.2858189286
1278 1036 0.2858189286
1036 1290 0.1735245447
1290 1036 0.1735245447
1036 1316 0.1735245447
1316 1036 0.1735245447
1036 1341 0.1148899328
1341 1036 0.1148899328
1036 1385 0.1253293447
1385 1036 0.1253293447
1036 1457 0.2215735797
1457 1036 0.2215735797
1036 1462 0.1521207015
1462 1036 0.1521207015
1036 1485 0.1184235765
1485 1036 0.1184235765
1036 1507 0.1543536338
1507 1036 0.1543536338
1036 1534 0.1543536338
1534 1036 0.1543536338
1036 1538 0.1253590599
1538 1036 0.1253590599
1036 1547 0.2158644292
1547 1036 0.2158644292
1036 1565 0.1148899328
1565 1036 0.1148899328
1036 1570 0.1389194163
1570 1036 0.1389194163
1036 1574 0.1488691218
1574 1036 0.1488691218
1036 1578 0.1221216337
1578 1036 0.1221216337
1036 1604 0.1543536338
1604 1036 0.1543536338
1036 1661 0.1488691218
1661 1036 0.1488691218
1036 1685 0.2005258057
1685 1036 0.2005258057
1036 1706 0.1115067033
1706 1036 0.1115067033
1036 1740 0.1129088003
1740 1036 0.1129088003
1036 1797 0.1300776575
1797 1036 0.1300776575
1036 1813 0.1008264367
1813 1036 0.1008264367
1036 1831 0.1755785621
1831 1036 0.1755785621
1036 1917 0.1260001538
1917 1036 0.1260001538
1036 1968 0.1096726509
1968 1036 0.1096726509
1036 1992 0.1343756714
1992 1036 0.1343756714
1036 2041 0.1437387035
2041 1036 0.1437387035
1036 2050 0.1575502957
2050 1036 0.1575502957
1036 2062 0.1574930380
2062 1036 0.1574930380
1036 2065 0.1221216337
2065 1036 0.1221216337
1036 2102 0.1272634417
2102 1036 0.1272634417
1036 2110 0.1260001538
2110 1036 0.1260001538
1036 2163 0.1065563868
2163 1036 0.1065563868
1036 2191 0.1543536338
2191 1036 0.1543536338
1036 2198 0.1184235765
2198 1036 0.1184235765
1036 2212 0.1221216337
2212 1036 0.1221216337
1036 2296 0.1051437968
2296 1036 0.1051437968
1036 2353 0.1051437968
2353 1036 0.1051437968
1036 2363 0.1488691218
2363 1036 0.1488691218
1036 2380 0.1112751662
2380 1036 0.1112751662
1036 2421 0.1735245447
2421 1036 0.1735245447
1036 2438 0.1602447651
2438 1036 0.1602447651
1036 2440 0.1343756714
2440 1036 0.1343756714
1036 2460 0.1115067033
2460 1036 0.1115067033
1036 2465 0.1300776575
2465 1036 0.1300776575
1036 2514 0.1666076716
2514 1036 0.1666076716
1036 2515 0.1735245447
2515 1036 0.1735245447
1036 2548 0.1343756714
2548 1036 0.1343756714
1036 2551 0.1260001538
2551 1036 0.1260001538
1036 2558 0.1197803331
2558 1036 0.1197803331
1036 2571 0.1666076716
2571 1036 0.1666076716
1036 2573 0.1602447651
2573 1036 0.1602447651
1036 2578 0.1027660273
2578 1036 0.1027660273
1036 2604 0.1543536338
2604 1036 0.1543536338
1036 2682 0.2459171431
2682 1036 0.2459171431
1036 2686 0.1875288693
2686 1036 0.1875288693
1036 2703 0.1082616040
2703 1036 0.1082616040
1036 2750 0.1221216337
2750 1036 0.1221216337
1036 2758 0.1260001538
2758 1036 0.1260001538
1036 2779 0.1796878631
2779 1036 0.1796878631
1036 2806 0.2215735797
2806 1036 0.2215735797
1036 2816 0.1389194163
2816 1036 0.1389194163
1036 2830 0.2209469891
2830 1036 0.2209469891
1036 2849 0.1115067033
2849 1036 0.1115067033
1036 2858 0.1695892997
2858 1036 0.1695892997
1036 2883 0.1812070355
2883 1036 0.1812070355
1036 2896 0.1959771568
2896 1036 0.1959771568
1036 2933 0.2858189286
2933 1036 0.2858189286
1036 2938 0.1488691218
2938 1036 0.1488691218
1036 2944 0.2346373871
2944 1036 0.2346373871
1036 2999 0.1735245447
2999 1036 0.1735245447
1036 3015 0.1389194163
3015 1036 0.1389194163
1036 3131 0.1666076716
3131 1036 0.1666076716
1036 3166 0.2013245673
3166 1036 0.2013245673
1036 3205 0.1282222033
3205 1036 0.1282222033
1036 3226 0.1312703661
3226 1036 0.1312703661
1036 3266 0.1735245447
3266 1036 0.1735245447
1036 3271 0.1666076716
3271 1036 0.1666076716
1036 3280 0.1735245447
3280 1036 0.1735245447
1036 3326 0.1488691218
3326 1036 0.1488691218
1036 3329 0.1221216337
3329 1036 0.1221216337
1036 3357 0.1162744296
3357 1036 0.1162744296
1036 3380 0.1543536338
3380 1036 0.1543536338
1036 3381 0.1300776575
3381 1036 0.1300776575
1036 3404 0.1633546322
3404 1036 0.1633546322
1036 3442 0.1226072268
3442 1036 0.1226072268
1043 1161 0.2556260861
1161 1043 0.2556260861
1043 1174 0.2962336039
1174 1043 0.2962336039
1043 1222 0.2061342644
1222 1043 0.2061342644
1043 1293 0.2685453486
1293 1043 0.2685453486
1043 1297 0.1215676670
1297 1043 0.1215676670
1043 1307 0.2839795661
1307 1043 0.2839795661
1043 1371 0.2111400481
1371 1043 0.2111400481
1043 1384 0.1752099908
1384 1043 0.1752099908
1043 1385 0.1929485405
1385 1043 0.1929485405
1043 1424 0.1812123801
1424 1043 0.1812123801
1043 1471 0.1380833670
1471 1043 0.1380833670
1043 1550 0.2158175086
1550 1043 0.2158175086
1043 1567 0.1253358555
1567 1043 0.1253358555
1043 1568 0.1539044328
1568 1043 0.1539044328
1043 1569 0.2134443803
1569 1043 0.2134443803
1043 1716 0.3031504770
1716 1043 0.3031504770
1043 1808 0.2962336039
1808 1043 0.2962336039
1043 1813 0.1343139286
1813 1043 0.1343139286
1043 1824 0.1376939932
1824 1043 0.1376939932
1043 1828 0.2517475659
1828 1043 0.2517475659
1043 1986 0.3623359967
1986 1043 0.3623359967
1043 2052 0.2111400481
2052 1043 0.2111400481
1043 2063 0.1351827229
2063 1043 0.1351827229
1043 2079 0.1696291809
2079 1043 0.1696291809
1043 2081 0.1300328129
2081 1043 0.1300328129
1043 2108 0.1571828966
2108 1043 0.1571828966
1043 2110 0.2556260861
2110 1043 0.2556260861
1043 2133 0.1682931176
2133 1043 0.1682931176
1043 2306 0.2378875363
2306 1043 0.2378875363
1043 2380 0.2484601224
2380 1043 0.2484601224
1043 2432 0.1284845401
2432 1043 0.1284845401
1043 2460 0.2411326356
2460 1043 0.2411326356
1043 2494 0.3005395884
2494 1043 0.3005395884
1043 2539 0.1112292374
2539 1043 0.1112292374
1043 2579 0.2091214247
2579 1043 0.2091214247
1043 2828 0.3588537219
2828 1043 0.3588537219
1043 3019 0.2378875363
3019 1043 0.2378875363
1043 3114 0.1009381116
3114 1043 0.1009381116
1043 3115 0.1696291809
3115 1043 0.1696291809
1043 3119 0.1495016532
3119 1043 0.1495016532
1043 3165 0.2640016037
3165 1043 0.2640016037
1043 3166 0.1985622059
3166 1043 0.1985622059
1043 3217 0.1118501325
3217 1043 0.1118501325
1043 3225 0.3367245284
3225 1043 0.3367245284
1043 3240 0.2962336039
3240 1043 0.2962336039
1043 3273 0.2347697291
3273 1043 0.2347697291
1043 3323 0.1424976635
3323 1043 0.1424976635
1043 3343 0.2176481605
3343 1043 0.2176481605
1043 3358 0.2898706974
3358 1043 0.2898706974
1043 3444 0.1152047605
3444 1043 0.1152047605
1049 1070 0.2289800579
1070 1049 0.2289800579
1049 1076 0.1856775737
1076 1049 0.1856775737
1049 1091 0.2813860598
1091 1049 0.2813860598
1049 1151 0.2991246095
1151 1049 0.2991246095
1049 1157 0.1711841233
1157 1049 0.1711841233
1049 1223 0.1842094714
1223 1049 0.1842094714
1049 1243 0.2668926093
